110,1,1,4,6,0.698
6.981132e-01,6.716981e-01,1.245283e-01,110,1,1,4,6,0.664
6.867925e-01,6.867925e-01,1.509434e-01,110,1,1,4,6,0.770
7.698113e-01,7.698113e-01,2.113208e-01,110,1,1,4,6,0.770
7.660377e-01,7.735849e-01,7.735849e-01,110,1,1,4,6,0.751
7.471698e-01,7.358491e-01,1.320755e-01,7.509434e-01,110,1,1,4,6,0.762
7.471698e-01,7.396226e-01,1.811321e-01,0,7.622642e-01,110,1,1,4,6,0.709
7.132075e-01,7.169811e-01,1.396226e-01,0,0,0.717
110,1,1,4,6,0.774
7.773585e-01,7.622642e-01,2.037736e-01,0,0,0.000
7.773585e-01,110,1,1,4,6,0.777
7.735849e-01,7.849057e-01,1.433962e-01,0,0,0.000
0,7.849057e-01,110,1,1,4,6,0.721
7.132075e-01,6.905660e-01,1.547170e-01,0,0,0.000
0,0,7.207547e-01,110,1,1,4,6,0.725
7.207547e-01,6.905660e-01,1.094340e-01,110,1,1,4,6,0.675
6.754717e-01,6.566038e-01,1.094340e-01,110,1,1,4,6,0.660
6.528302e-01,6.490566e-01,1.132075e-01,110,1,1,4,6,0.634
6.490566e-01,6.490566e-01,1.245283e-01,110,1,1,4,6,0.736
7.396226e-01,7.471698e-01,1.283019e-01,110,1,1,4,6,0.747
7.471698e-01,7.471698e-01,7.471698e-01,110,1,1,4,6,0.698
6.981132e-01,7.094340e-01,1.169811e-01,7.094340e-01,110,1,1,4,6,0.709
7.169811e-01,6.679245e-01,1.283019e-01,0,7.169811e-01,110,1,1,4,6,0.709
7.056604e-01,6.830189e-01,1.169811e-01,0,0,0.709
110,1,1,4,6,0.751
7.396226e-01,7.132075e-01,1.396226e-01,0,0,0.000
7.509434e-01,110,1,1,4,6,0.755
7.622642e-01,7.207547e-01,1.132075e-01,0,0,0.000
0,7.622642e-01,110,1,1,4,6,0.694
6.867925e-01,6.490566e-01,1.132075e-01,0,0,0.000
0,0,6.943396e-01,110,1,1,4,6,0.698
6.981132e-01,6.716981e-01,1.245283e-01,110,1,1,4,6,0.664
6.867925e-01,6.867925e-01,1.509434e-01,110,1,1,4,6,0.770
7.698113e-01,7.698113e-01,2.113208e-01,110,1,1,4,6,0.770
7.660377e-01,7.735849e-01,7.735849e-01,110,1,1,4,6,0.751
7.471698e-01,7.358491e-01,1.320755e-01,7.509434e-01,110,1,1,4,6,0.762
7.471698e-01,7.396226e-01,1.811321e-01,0,7.622642e-01,110,1,1,4,6,0.709
7.132075e-01,7.169811e-01,1.396226e-01,0,0,0.717
110,1,1,4,6,0.774
7.773585e-01,7.622642e-01,2.037736e-01,0,0,0.000
7.773585e-01,110,1,1,4,6,0.777
7.735849e-01,7.849057e-01,1.433962e-01,0,0,0.000
0,7.849057e-01,110,1,1,4,6,0.721
7.132075e-01,6.905660e-01,1.547170e-01,0,0,0.000
0,0,7.207547e-01,110,1,1,4,6,0.395
3.954741e-01,3.846983e-01,1.260776e-01,110,1,1,4,6,0.400
3.997845e-01,3.922414e-01,1.368534e-01,110,1,1,4,6,0.434
4.342672e-01,4.137931e-01,1.573276e-01,110,1,1,4,6,0.399
3.954741e-01,3.987069e-01,1.433190e-01,110,1,1,4,6,0.422
4.191810e-01,4.137931e-01,4.224138e-01,110,1,1,4,6,0.398
3.965517e-01,3.965517e-01,1.487069e-01,3.976293e-01,110,1,1,4,6,0.401
4.008621e-01,3.782328e-01,1.616379e-01,0,4.008621e-01,110,1,1,4,6,0.427
4.256466e-01,4.148707e-01,1.562500e-01,0,0,0.427
110,1,1,4,6,0.417
4.181034e-01,4.084052e-01,1.443966e-01,0,0,0.000
4.181034e-01,110,1,1,4,6,0.416
4.148707e-01,4.073276e-01,1.627155e-01,0,0,0.000
0,4.159483e-01,110,1,1,4,6,0.417
4.159483e-01,3.976293e-01,1.616379e-01,0,0,0.000
0,0,4.170259e-01,110,1,1,4,6,0.785
7.849057e-01,7.849057e-01,2.264151e-01,110,1,1,4,6,0.702
7.018868e-01,6.905660e-01,1.698113e-01,110,1,1,4,6,0.770
7.698113e-01,7.698113e-01,1.962264e-01,110,1,1,4,6,0.747
7.433962e-01,7.358491e-01,7.471698e-01,110,1,1,4,6,0.762
7.622642e-01,7.358491e-01,1.698113e-01,7.622642e-01,110,1,1,4,6,0.725
7.283019e-01,7.056604e-01,1.735849e-01,0,7.283019e-01,110,1,1,4,6,0.751
7.547170e-01,7.660377e-01,1.547170e-01,0,0,0.766
110,1,1,4,6,0.694
7.094340e-01,6.943396e-01,1.584906e-01,0,0,0.000
7.094340e-01,110,1,1,4,6,0.706
7.018868e-01,7.018868e-01,1.773585e-01,0,0,0.000
0,7.056604e-01,110,1,1,4,6,0.736
7.320755e-01,7.283019e-01,1.962264e-01,0,0,0.000
0,0,7.358491e-01,110,1,1,4,6,0.683
6.830189e-01,6.641509e-01,1.132075e-01,110,1,1,4,6,0.653
6.716981e-01,6.716981e-01,1.433962e-01,110,1,1,4,6,0.774
7.660377e-01,7.735849e-01,1.924528e-01,110,1,1,4,6,0.755
7.584906e-01,7.698113e-01,7.698113e-01,110,1,1,4,6,0.732
7.396226e-01,7.320755e-01,1.245283e-01,7.396226e-01,110,1,1,4,6,0.743
7.396226e-01,7.245283e-01,1.584906e-01,0,7.433962e-01,110,1,1,4,6,0.706
7.094340e-01,7.094340e-01,1.358491e-01,0,0,0.709
110,1,1,4,6,0.770
7.698113e-01,7.584906e-01,1.735849e-01,0,0,0.000
7.698113e-01,110,1,1,4,6,0.770
7.735849e-01,7.584906e-01,1.396226e-01,0,0,0.000
0,7.735849e-01,110,1,1,4,6,0.713
7.132075e-01,6.905660e-01,1.433962e-01,0,0,0.000
0,0,7.132075e-01,110,1,1,4,6,0.747
7.471698e-01,7.283019e-01,1.584906e-01,110,1,1,4,6,0.687
6.905660e-01,6.792453e-01,2.188679e-01,110,1,1,4,6,0.717
7.207547e-01,7.207547e-01,1.622642e-01,110,1,1,4,6,0.777
7.811321e-01,7.773585e-01,7.811321e-01,110,1,1,4,6,0.758
7.584906e-01,7.509434e-01,1.584906e-01,7.584906e-01,110,1,1,4,6,0.774
7.660377e-01,7.547170e-01,1.886792e-01,0,7.735849e-01,110,1,1,4,6,0.766
7.547170e-01,7.358491e-01,1.622642e-01,0,0,0.766
110,1,1,4,6,0.808
8.075472e-01,7.962264e-01,1.811321e-01,0,0,0.000
8.075472e-01,110,1,1,4,6,0.808
7.924528e-01,7.735849e-01,1.547170e-01,0,0,0.000
0,8.075472e-01,110,1,1,4,6,0.758
7.622642e-01,7.547170e-01,1.698113e-01,0,0,0.000
0,0,7.622642e-01,110,1,1,4,6,0.789
7.886792e-01,7.811321e-01,2.000000e-01,110,1,1,4,6,0.740
7.547170e-01,7.547170e-01,1.622642e-01,110,1,1,4,6,0.766
7.622642e-01,7.886792e-01,1.320755e-01,110,1,1,4,6,0.774
7.660377e-01,7.660377e-01,7.735849e-01,110,1,1,4,6,0.747
7.509434e-01,7.396226e-01,1.924528e-01,7.509434e-01,110,1,1,4,6,0.789
7.924528e-01,7.773585e-01,2.226415e-01,0,7.924528e-01,110,1,1,4,6,0.762
7.584906e-01,7.358491e-01,1.698113e-01,0,0,0.762
110,1,1,4,6,0.770
7.735849e-01,7.660377e-01,1.849057e-01,0,0,0.000
7.735849e-01,110,1,1,4,6,0.751
7.509434e-01,7.094340e-01,1.509434e-01,0,0,0.000
0,7.509434e-01,110,1,1,4,6,0.721
7.207547e-01,7.169811e-01,1.886792e-01,0,0,0.000
0,0,7.207547e-01,440,1,1,4,6,0.741
7.000000e-01,5.068182e-01,5.000000e-02,440,1,1,4,6,0.791
7.909091e-01,5.386364e-01,5.000000e-02,440,1,1,4,6,0.736
7.363636e-01,4.113636e-01,5.000000e-02,440,1,1,4,6,0.761
7.363636e-01,7.613636e-01,5.000000e-02,440,1,1,4,6,0.820
7.931818e-01,5.545455e-01,8.204545e-01,440,1,1,4,6,0.743
7.272727e-01,4.727273e-01,5.000000e-02,7.431818e-01,440,1,1,4,6,0.784
7.500000e-01,4.636364e-01,5.000000e-02,0,7.840909e-01,440,1,1,4,6,0.777
7.500000e-01,6.409091e-01,5.000000e-02,0,0,0.777
440,1,1,4,6,0.789
8.022727e-01,6.272727e-01,5.000000e-02,0,0,0.000
8.022727e-01,440,1,1,4,6,0.780
7.295455e-01,4.159091e-01,5.000000e-02,0,0,0.000
0,7.795455e-01,440,1,1,4,6,0.782
7.522727e-01,4.636364e-01,5.000000e-02,0,0,0.000
0,0,7.818182e-01,440,1,1,4,6,0.755
7.500000e-01,4.454545e-01,5.000000e-02,440,1,1,4,6,0.764
7.636364e-01,6.250000e-01,5.000000e-02,440,1,1,4,6,0.752
7.340909e-01,7.522727e-01,5.227273e-02,440,1,1,4,6,0.775
7.477273e-01,5.181818e-01,7.750000e-01,440,1,1,4,6,0.782
7.681818e-01,4.977273e-01,5.000000e-02,7.818182e-01,440,1,1,4,6,0.791
7.636364e-01,5.045455e-01,5.000000e-02,0,7.909091e-01,440,1,1,4,6,0.748
7.181818e-01,4.886364e-01,5.000000e-02,0,0,0.748
440,1,1,4,6,0.789
7.545455e-01,4.931818e-01,5.000000e-02,0,0,0.000
7.886364e-01,440,1,1,4,6,0.720
6.977273e-01,3.909091e-01,5.000000e-02,0,0,0.000
0,7.204545e-01,440,1,1,4,6,0.805
8.000000e-01,6.954545e-01,5.000000e-02,0,0,0.000
0,0,8.045455e-01,440,1,1,4,6,0.841
8.250000e-01,5.318182e-01,5.000000e-02,440,1,1,4,6,0.820
7.886364e-01,3.909091e-01,5.000000e-02,440,1,1,4,6,0.843
8.068182e-01,5.613636e-01,5.000000e-02,440,1,1,4,6,0.730
7.159091e-01,4.613636e-01,5.000000e-02,440,1,1,4,6,0.789
7.727273e-01,4.409091e-01,5.000000e-02,440,1,1,4,6,0.791
7.909091e-01,5.386364e-01,5.000000e-02,440,1,1,4,6,0.736
7.363636e-01,4.113636e-01,5.000000e-02,440,1,1,4,6,0.784
7.500000e-01,4.636364e-01,5.000000e-02,440,1,1,4,6,0.802
8.022727e-01,6.272727e-01,5.000000e-02,